2926.304
909.460
7.828
10.899
7.657
125.225
2.828
250.179
4.243
26.071
42.456
5.414
10.899
123.995
10.485
53.912
105.054
11.071
7.071
18.728
19.657
19.385
2.828
4.243
2.414
2.828
2.828
2.828
5.657
11.657
14.314
4.414
8.071
4.000
51.042
32.627
9.657
21.799
19.971
2.828
5.828
4.243
33.799
43.042
18.485
2.000
15.485
1003.798
2.828
4.414
7.657
23.071
4.414
13.828
3.828
19.071
68.184
5.243
2.828
5.828
59.941
9.828
2.828
16.485
75.770
2.828
4.828
2.828
12.071
47.213
4.243
11.314
10.899
5.657
10.485
12.485
5.657
5191.314
11.899
8.485
12.314
10.899
6.657
287.907
12.899
28.042
16.728
17.485
14.314
10.071
448.943
8.485
2.000
12.899
12.485
7.657
2.828
5.828
6.243
11.899
24.728
372.676
448.446
12.314
30.799
2.828
9.828
5.243
2.828
85.811
6.657
2.828
2.828
10.071
2.000
19.314
6.657
62.255
2.828
24.142
14.314
173.924
48.113
6.243
2.828
1178.710
16.314
8.657
64.598
56.598
4.828
20.971
12.485
2.828
10.485
20.728
16.899
5.657
56.355
28.314
1538.445
3.828
2.828
45.971
46.627
8.071
18.728
184.167
40.971
62.870
4.414
17.728
32.213
2.828
93.569
7.071
12.899
2.828
183.409
14.899
1004.301
14.899
4.828
12.899
4.414
50.113
92.669
12.485
14.485
96.669
26.971
17.071
128.740
92.355
41.870
22.828
3.828
9.071
20.657
228.279
8.071
17.728
48.799
484.304
61.598
79.125
10.071
425.831
27.385
9.071
99.497
100.811
15.485
7.657
3.828
12.071
12.899
523.943
29.899
2.828
13.485
47.213
2.828
4.828
7.657
8.071
13.314
9.828
2.828
5.828
50.627
29.142
5.657
2.828
2.828
7.657
32.213
7.071
2.828
5.828
4.243
71.698
4.414
6.243
2.828
2.828
9.071
59.113
5.828
14.728
29.556
616.382
94.740
10.071
7.828
3.828
18.728
2.828
2.828
2.828
96.740
54.113
2.828
42.899
8.071
9.414
9.414
33.799
71.870
5.243
2.414
21.485
11.899
7.071
112.184
2.828
33.385
17.728
26.314
10.485
20.971
2.828
30.728
40.870
5.657
6.243
5.657
14.899
12.485
45.698
284.664
10.657
613.725
55.284
13.657
12.314
29.899
4.243
5.657
12.657
2.828
10.899
155.782
4.243
8.657
2.828
17.556
17.728
9.485
9.485
2.828
6.828
12.314
24.971
30.485
10.899
76.255
25.556
3.414
2.828
9.899
12.314
53.385
6.657
39.799
8.657
2.414
34.728
45.284
15.071
504.571
2.828
252.007
22.314
71.698
4.243
22.385
6.657
4.243
17.556
13.314
6.657
19.971
5.657
4.000
15.657
57.527
2.828
35.456
2.828
2.828
11.485
33.385
8.243
37.799
32.314
11.485
2.828
4.243
31.142
6.657
70.941
4.243
16.657
21.485
37.899
11.657
31.385
8.828
37.870
50.627
90.184
99.912
25.385
5.657
24.142
12.485
58.355
90.154
2.828
2.828
2.828
12.657
73.012
7.657
3.828
77.012
11.071
71.184
6.414
79.184
60.698
2.828
8.485
873.514
9.485
10.657
4.414
30.799
2.828
2.828
2.828
97.912
41.698
12.071
97.326
18.556
27.870
5.243
14.485
2.828
2.828
2.828
6.657
15.899
12.314
390.161
598.713
27.142
2.828
2.828
2.414
2.828
10.071
114.841
22.385
192.782
2.828
2.828
14.728
100.640
85.941
7.071
4.414
72.971
19.314
84.284
50.527
17.243
59.113
3.828
6.657
8.071
2.000
8.485
75.113
10.071
199.924
11.899
6.657
3.828
78.497
12.485
53.213
7.657
3.828
35.556
14.828
306.250
2.828
10.485
355.960
946.330
83.598
6.828
5.828
146.024
2.828
40.456
12.243
18.728
23.728
4.414
51.728
21.314
12.485
54.456
2.828
57.870
211.095
139.770
2.828
97.355
68.971
16.657
2.828
7.657
4.828
2.828
2.828
62.799
2.000
4.243
13.071
309.191
17.556
24.728
52.213
0.500
26.799
12.071
12.243
120.326
2.828
5.657
8.071
2.828
27.314
4.000
23.142
81.083
359.161
2.828
2.828
416.931
6.243
5.657
11.485
2.828
99.983
2.828
72.841
101.598
118.296
22.971
6.657
9.657
21.971
27.971
126.154
2.828
32.213
52.456
76.213
13.071
25.314
6.243
12.899
2.828
78.941
5.657
826.720
42.627
114.640
23.142
23.071
14.071
26.314
16.142
6.657
7.071
2.828
196.622
7.243
14.657
50.770
4.414
2470.219
15.828
43.971
10.243
2.828
11.899
7.657
87.426
2.828
31.071
37.627
2.828
5.828
86.426
4.828
2.414
4.243
197.309
34.971
2.828
32.799
11.657
85.083
78.598
11.899
6.243
1071.029
2.828
51.598
41.799
11.485
44.284
5.657
5.657
515.831
153.752
201.250
3.828
15.485
10.657
28.971
5.243
8.243
2.828
432.529
7.243
18.899
59.113
7.657
94.296
9.485
49.627
182.581
17.899
8.071
2639.598
37.213
14.314
3.414
30.799
2.828
64.012
485.831
3.414
2.414
1425.989
10.485
3.414
2.828
2.828
23.314
4.828
11.243
3.828
2.828
15.657
2.828
192.066
11.071
21.899
11.899
2315.917
5.243
4.414
121.569
24.142
5.414
30.284
2.000
2.828
358.404
16.071
34.142
72.355
2.828
10.485
32.071
281.250
140.610
32.385
2.000
2.828
5.414
25.485
160.510
103.539
136.953
10.657
6.828
6.657
17.485
4.000
11.899
17.899
9.243
10.071
13.485
2.828
3.414
77.083
12.243
24.142
3.828
2.828
7.243
9.657
411.688
2.828
17.485
25.728
657.382
7.071
2.000
7.657
161.137
2.828
15.899
9.071
5.243
5.828
36.527
48.284
19.142
3.828
65.941
2.828
6.243
2.828
5.657
6.657
50.314
10.485
32.071
162.681
35.042
9.657
18.657
2.828
5.414
2.828
6.243
30.971
18.899
43.042
563.772
2.828
139.154
17.899
4.243
21.728
40.314
5.243
40.042
18.899
6.657
56.941
8.828
5.657
65.627
6.243
66.355
65.770
42.042
149.740
53.426
77.669
8.243
63.012
2.828
108.983
216.380
4.828
28.728
2.828
20.071
4.243
3.828
84.154
22.899
16.485
6.657
7.657
2.828
2.828
4.828
202.794
2.828
22.485
19.314
2.828
609.808
4.828
14.071
11.071
21.071
165.439
6.414
11.071
15.071
33.799
15.485
7.243
2.828
36.799
224.752
38.213
6.828
16.657
2.828
5.657
424.233
2.828
2.828
9.243
2.000
213.978
30.556
2.828
2.828
15.899
2.828
23.071
33.556
1186.828
3.828
8.071
76.912
20.314
2290.395
6.243
12.485
31.556
5.828
3.828
13.243
15.657
52.627
26.314
7.657
106.539
8.485
11.485
97.841
5.243
309.492
2.828
8.071
1603.729
24.142
13.728
26.314
2.828
20.556
10.485
25.971
12.657
2.828
2.828
475.458
5.000
1845.878
2.828
4.414
2.828
5.657
5.828
45.042
10.657
4.414
29.799
44.284
2.828
11.071
44.142
14.828
13.485
40.142
71.284
54.899
79.870
67.627
15.657
13.485
18.899
78.083
16.314
2.828
265.534
47.385
132.669
3.828
216.480
4.828
2.828
5.657
13.071
12.485
5.414
28.870
25.799
125.225
5.657
469.553
2.828
5.414
2.828
23.971
2.828
18.899
2.828
7.071
9.485
2.828
2.828
831.891
122.083
15.556
6.828
3.828
4.414
5.657
39.799
761.406
11.657
23.314
16.485
31.385
5.414
55.941
420.546
16.314
13.728
25.799
44.556
67.870
25.071
3.828
51.627
2.828
88.811
2.828
55.142
6.657
20.142
9.485
8.657
5.828
11.071
53.314
77.527
5.414
9.828
6.657
6.657
2.828
69.225
243.309
3.828
5.828
12.899
2.828
16.485
6.243
131.811
17.142
4.414
309.723
6.657
2.828
2.828
28.213
529.701
21.556
36.627
9.071
50.799
24.142
10.828
118.610
20.971
21.314
208.723
3.828
22.899
9.828
12.657
2.828
6.243
2.000
9.657
11.485
24.142
2.414
3.828
48.941
78.870
4.828
2.828
20.899
346.191
7.657
15.314
2.828
16.485
136.397
2.828
43.456
111.497
46.385
50.971
30.142
293.919
568.630
102.184
4.828
371.049
21.071
9.899
2.828
256.551
11.657
2.828
47.941
8.485
4.414
14.899
21.899
13.485
6.828
16.899
35.556
4.000
11.071
2.828
56.698
12.485
3.828
30.213
2.828
20.485
479.902
7.071
122.497
4.243
14.314
40.284
927.673
7.657
64.456
245.622
3.828
75.355
35.971
20.728
85.184
19.899
5.243
14.485
49.113
121.569
2.828
41.284
172.225
81.012
6.243
9.657
7.828
7.657
4.828
3288.939
6.828
6.657
6.657
5.414
11.071
46.971
25.071
7.828
87.527
11.899
66.042
154.468
2.828
2.828
14.899
28.314
160.439
5.828
21.385
14.657
15.314
2.828
123.610
110.397
13.657
20.071
2999.853
39.042
6.657
6.657
400.132
2.828
75.598
2.828
5.657
143.125
70.841
33.799
46.213
26.899
21.657
17.728
2.828
187.894
2.828
102.711
2.828
28.485
2.828
9.071
4.414
2.828
2.828
10.899
121.225
21.971
334.220
2.828
19.971
4.828
54.657
11.899
155.953
68.527
7.657
59.426
9.657
2.828
2.000
95.640
4.243
540.571
3.414
11.899
10.071
11.899
12.071
31.971
50.213
17.485
2.414
12.485
8.828
2.828
255.836
5.828
7.657
14.899
28.728
35.385
23.971
2.828
24.627
9.071
16.314
5.657
13.071
4.243
2.828
2.828
10.071
2.828
2.000
3.828
2.828
19.899
9.485
7.657
9.657
2.828
3.414
6.657
83.912
2.828
18.142
12.071
8.657
8.485
5.657
6.243
18.971
10.485
12.657
2.828
30.213
6.828
184.693
82.255
11.314
9.828
18.314
12.485
5.243
4.243
13.071
145.953
7.243
2.828
2.828
20.728
665.943
18.485
544.026
11.657
2.828
3.828
15.071
15.071
16.314
11.314
2.828
14.899
53.012
9.071
19.556
9.071
7.657
3.828
53.870
38.971
5.414
8.828
2.828
169.338
2.000
2.828
2.828
4.828
3.828
6.414
58.870
2.828
5.828
2.828
5.657
16.071
59.426
9.657
10.071
7.828
12.485
19.657
5.414
131.439
215.208
16.314
834.850
10.485
392.274
19.799
9.485
8.485
10.485
12.485
4.828
8.485
8.414
3.828
5.243
495.416
2.828
15.657
92.497
51.728
16.728
2.828
12.485
22.971
26.142
2.828
5.000
19.728
2.828
46.971
131.125
139.024
2.828
16.728
28.971
17.314
10.243
28.385
4.243
11.828
13.485
24.485
2.828
10.071
44.971
28.971
660.968
4.414
2.828
7.828
4.243
7.657
6.243
6.657
10.485
2.828
3.828
9.657
4.828
120.255
11.657
12.899
14.485
2.000
412.948
7.657
4.828
22.142
252.794
16.728
4.828
2.828
2.000
10.485
2.828
6.657
140.924
15.314
8.243
13.485
8.828
76.255
34.870
4.243
13.314
37.456
2.414
32.385
11.657
7.243
4.243
114.255
11.243
88.255
2.828
4.243
9.485
14.485
7.071
2.828
2.828
12.485
9.243
27.728
54.941
17.556
13.657
984.075
89.083
5.243
2.828
2.828
10.000
42.284
11.071
8.071
2.828
246.179
29.799
2.828
12.899
11.657
6.243
2.828
45.556
32.456
27.071
36.556
11.657
2.828
28.799
625.423
51.941
22.971
7.071
19.556
7.243
2.828
80.426
82.598
2.828
4.414
62.113
4.243
4.243
12.899
2.828
4.828
2.828
105.740
39.870
13.899
6.657
2.828
10.071
2.828
17.314
22.485
24.799
8.243
29.627
2.828
2.828
4.243
22.971
20.314
24.899
34.213
15.899
2.828
26.971
7.657
10.071
45.142
14.657
3.828
2.828
8.071
104.154
5.657
2.828
2.828
2.828
17.728
18.728
11.485
4.828
5.414
11.828
13.314
23.899
2.828
132.811
5.243
50.556
2.828
58.485
27.314
62.113
3.414
4.828
19.899
5.243
53.042
14.485
6.828
414.014
2.828
77.255
258.593
9.828
2.828
8.485
10.899
68.527
11.485
7.243
11.485
10.071
